2014/12/26-11:55:08.515098 b0310000 RocksDB version: 3.6.1
2014/12/26-11:55:08.515648 b0310000 Git sha rocksdb_build_git_sha:
2014/12/26-11:55:08.515652 b0310000 Compile time 23:10:16 Dec  4 2014
2014/12/26-11:55:08.515655 b0310000 DB SUMMARY
2014/12/26-11:55:08.515722 b0310000 SST files in store/data/shard_db_v2/00001 dir, Total Num: 0, files: 
2014/12/26-11:55:08.515726 b0310000 Write Ahead Log file in store/data/shard_db_v2/00001: 
2014/12/26-11:55:08.515729 b0310000          Options.error_if_exists: 0
2014/12/26-11:55:08.515732 b0310000        Options.create_if_missing: 1
2014/12/26-11:55:08.515734 b0310000          Options.paranoid_checks: 1
2014/12/26-11:55:08.515737 b0310000                      Options.env: 0x4e17a70
2014/12/26-11:55:08.515739 b0310000                 Options.info_log: 0x5026cb0
2014/12/26-11:55:08.515742 b0310000           Options.max_open_files: 1000
2014/12/26-11:55:08.515744 b0310000       Options.max_total_wal_size: 0
2014/12/26-11:55:08.515747 b0310000        Options.disableDataSync: 0
2014/12/26-11:55:08.515749 b0310000              Options.use_fsync: 0
2014/12/26-11:55:08.515752 b0310000      Options.max_log_file_size: 0
2014/12/26-11:55:08.515754 b0310000 Options.max_manifest_file_size: 18446744073709551615
2014/12/26-11:55:08.515756 b0310000      Options.log_file_time_to_roll: 0
2014/12/26-11:55:08.515759 b0310000      Options.keep_log_file_num: 1000
2014/12/26-11:55:08.515761 b0310000        Options.allow_os_buffer: 1
2014/12/26-11:55:08.515764 b0310000       Options.allow_mmap_reads: 0
2014/12/26-11:55:08.515766 b0310000      Options.allow_mmap_writes: 0
2014/12/26-11:55:08.515768 b0310000          Options.create_missing_column_families: 0
2014/12/26-11:55:08.515771 b0310000                              Options.db_log_dir: 
2014/12/26-11:55:08.515773 b0310000                                 Options.wal_dir: store/data/shard_db_v2/00001
2014/12/26-11:55:08.515776 b0310000                Options.table_cache_numshardbits: 4
2014/12/26-11:55:08.515778 b0310000     Options.table_cache_remove_scan_count_limit: 16
2014/12/26-11:55:08.515781 b0310000     Options.delete_obsolete_files_period_micros: 21600000000
2014/12/26-11:55:08.515783 b0310000              Options.max_background_compactions: 7
2014/12/26-11:55:08.515785 b0310000                  Options.max_background_flushes: 1
2014/12/26-11:55:08.515788 b0310000                         Options.WAL_ttl_seconds: 0
2014/12/26-11:55:08.515790 b0310000                       Options.WAL_size_limit_MB: 0
2014/12/26-11:55:08.515793 b0310000             Options.manifest_preallocation_size: 4194304
2014/12/26-11:55:08.515795 b0310000                          Options.allow_os_buffer: 1
2014/12/26-11:55:08.515798 b0310000                         Options.allow_mmap_reads: 0
2014/12/26-11:55:08.515800 b0310000                        Options.allow_mmap_writes: 0
2014/12/26-11:55:08.515802 b0310000                      Options.is_fd_close_on_exec: 1
2014/12/26-11:55:08.515805 b0310000               Options.skip_log_error_on_recovery: 0
2014/12/26-11:55:08.515807 b0310000                    Options.stats_dump_period_sec: 3600
2014/12/26-11:55:08.515810 b0310000                    Options.advise_random_on_open: 1
2014/12/26-11:55:08.515814 b0310000          Options.access_hint_on_compaction_start: NORMAL
2014/12/26-11:55:08.515817 b0310000                       Options.use_adaptive_mutex: 0
2014/12/26-11:55:08.515819 b0310000                             Options.rate_limiter: 0x0
2014/12/26-11:55:08.515822 b0310000                           Options.bytes_per_sync: 1048576
2014/12/26-11:55:08.515922 b0310000 Creating manifest 1 
2014/12/26-11:55:08.516567 b0310000 Recovering from manifest file: MANIFEST-000001
2014/12/26-11:55:08.516628 b0310000 Options for column family "default":
2014/12/26-11:55:08.516632 b0310000               Options.comparator: rocksdb.InternalKeyComparator:leveldb.BytewiseComparator
2014/12/26-11:55:08.516635 b0310000           Options.merge_operator: None
2014/12/26-11:55:08.516637 b0310000        Options.compaction_filter: None
2014/12/26-11:55:08.516639 b0310000        Options.compaction_filter_factory: DefaultCompactionFilterFactory
2014/12/26-11:55:08.516642 b0310000        Options.compaction_filter_factory_v2: DefaultCompactionFilterFactoryV2
2014/12/26-11:55:08.516644 b0310000         Options.memtable_factory: SkipListFactory
2014/12/26-11:55:08.516647 b0310000            Options.table_factory: BlockBasedTable
2014/12/26-11:55:08.516660 b0310000            table_factory options:   flush_block_policy_factory: FlushBlockBySizePolicyFactory (0x50209c0)
  cache_index_and_filter_blocks: 0
  index_type: 0
  hash_index_allow_collision: 1
  checksum: 1
  no_block_cache: 0
  block_cache: 0x5020428
  block_cache_size: 209715200
  block_cache_compressed: 0x0
  block_size: 4096
  block_size_deviation: 10
  block_restart_interval: 16
  filter_policy: nullptr
  whole_key_filtering: 1
2014/12/26-11:55:08.516663 b0310000        Options.write_buffer_size: 4194304
2014/12/26-11:55:08.516665 b0310000  Options.max_write_buffer_number: 2
2014/12/26-11:55:08.516668 b0310000          Options.compression: 1
2014/12/26-11:55:08.516670 b0310000       Options.prefix_extractor: nullptr
2014/12/26-11:55:08.516673 b0310000             Options.num_levels: 7
2014/12/26-11:55:08.516675 b0310000        Options.min_write_buffer_number_to_merge: 1
2014/12/26-11:55:08.516677 b0310000         Options.purge_redundant_kvs_while_flush: 1
2014/12/26-11:55:08.516680 b0310000            Options.compression_opts.window_bits: -14
2014/12/26-11:55:08.516682 b0310000                  Options.compression_opts.level: -1
2014/12/26-11:55:08.516685 b0310000               Options.compression_opts.strategy: 0
2014/12/26-11:55:08.516687 b0310000      Options.level0_file_num_compaction_trigger: 4
2014/12/26-11:55:08.516689 b0310000          Options.level0_slowdown_writes_trigger: 20
2014/12/26-11:55:08.516692 b0310000              Options.level0_stop_writes_trigger: 24
2014/12/26-11:55:08.516694 b0310000                Options.max_mem_compaction_level: 2
2014/12/26-11:55:08.516697 b0310000                   Options.target_file_size_base: 2097152
2014/12/26-11:55:08.516699 b0310000             Options.target_file_size_multiplier: 1
2014/12/26-11:55:08.516701 b0310000                Options.max_bytes_for_level_base: 10485760
2014/12/26-11:55:08.516704 b0310000          Options.max_bytes_for_level_multiplier: 10
2014/12/26-11:55:08.516706 b0310000 Options.max_bytes_for_level_multiplier_addtl[0]: 1
2014/12/26-11:55:08.516709 b0310000 Options.max_bytes_for_level_multiplier_addtl[1]: 1
2014/12/26-11:55:08.516712 b0310000 Options.max_bytes_for_level_multiplier_addtl[2]: 1
2014/12/26-11:55:08.516714 b0310000 Options.max_bytes_for_level_multiplier_addtl[3]: 1
2014/12/26-11:55:08.516717 b0310000 Options.max_bytes_for_level_multiplier_addtl[4]: 1
2014/12/26-11:55:08.516719 b0310000 Options.max_bytes_for_level_multiplier_addtl[5]: 1
2014/12/26-11:55:08.516721 b0310000 Options.max_bytes_for_level_multiplier_addtl[6]: 1
2014/12/26-11:55:08.516724 b0310000       Options.max_sequential_skip_in_iterations: 8
2014/12/26-11:55:08.516726 b0310000              Options.expanded_compaction_factor: 25
2014/12/26-11:55:08.516729 b0310000                Options.source_compaction_factor: 1
2014/12/26-11:55:08.516731 b0310000          Options.max_grandparent_overlap_factor: 10
2014/12/26-11:55:08.516734 b0310000                        Options.arena_block_size: 419430
2014/12/26-11:55:08.516736 b0310000                       Options.soft_rate_limit: 0.00
2014/12/26-11:55:08.516741 b0310000                       Options.hard_rate_limit: 0.00
2014/12/26-11:55:08.516744 b0310000       Options.rate_limit_delay_max_milliseconds: 1000
2014/12/26-11:55:08.516759 b0310000                Options.disable_auto_compactions: 0
2014/12/26-11:55:08.516762 b0310000          Options.purge_redundant_kvs_while_flush: 1
2014/12/26-11:55:08.516765 b0310000                           Options.filter_deletes: 0
2014/12/26-11:55:08.516767 b0310000           Options.verify_checksums_in_compaction: 1
2014/12/26-11:55:08.516769 b0310000                         Options.compaction_style: 0
2014/12/26-11:55:08.516772 b0310000  Options.compaction_options_universal.size_ratio: 1
2014/12/26-11:55:08.516774 b0310000 Options.compaction_options_universal.min_merge_width: 2
2014/12/26-11:55:08.516777 b0310000 Options.compaction_options_universal.max_merge_width: 4294967295
2014/12/26-11:55:08.516779 b0310000 Options.compaction_options_universal.max_size_amplification_percent: 200
2014/12/26-11:55:08.516782 b0310000 Options.compaction_options_universal.compression_size_percent: -1
2014/12/26-11:55:08.516784 b0310000 Options.compaction_options_fifo.max_table_files_size: 1073741824
2014/12/26-11:55:08.516787 b0310000                   Options.table_properties_collectors: InternalKeyPropertiesCollectorFactory; 
2014/12/26-11:55:08.516790 b0310000                   Options.inplace_update_support: 0
2014/12/26-11:55:08.516792 b0310000                 Options.inplace_update_num_locks: 10000
2014/12/26-11:55:08.516795 b0310000               Options.min_partial_merge_operands: 2
2014/12/26-11:55:08.516797 b0310000               Options.memtable_prefix_bloom_bits: 0
2014/12/26-11:55:08.516799 b0310000             Options.memtable_prefix_bloom_probes: 6
2014/12/26-11:55:08.516802 b0310000   Options.memtable_prefix_bloom_huge_page_tlb_size: 0
2014/12/26-11:55:08.516804 b0310000                           Options.bloom_locality: 0
2014/12/26-11:55:08.516806 b0310000                    Options.max_successive_merges: 0
2014/12/26-11:55:08.516858 b0310000 Recovered from manifest file:store/data/shard_db_v2/00001/MANIFEST-000001 succeeded,manifest_file_number is 1, next_file_number is 3, last_sequence is 0, log_number is 0,prev_log_number is 0,max_column_family is 0
2014/12/26-11:55:08.516863 b0310000 Column family [default] (ID 0), log number is 0
